_C_856_5908ee19_1 84 0 f 0 0 5020 
_C_1273_590a2c73_1 8c 0 60 0 0 20202562 0 20253868 0 25326420 
_C_71b5_590a08fb_1 8c 0 70 0 0 20256220 0 20202562 0 3a202562 0 696e 
_C_33dc_5908faa0_2 8c 0 60 0 0 20253262 0 25366220 0 25642020 
_C_564_5908db1f_2 8c 0 28 0 0 9090909 0 9 
_C_6f7b_590b46f0_1 8c 0 58 0 0 20253868 0 20256220 0 256420 
_C_7a5c_590b49c4_1 8c 0 40 0 0 75746564 0 65786563 
_C_67b8_590a075d_1 8c 0 58 0 0 20253262 0 20253562 0 256220 
_C_161e_5908f1ab_1 84 0 a 0 0 390 
_C_6406_590a3a45_1 8c 0 90 0 0 20202562 0 20256220 0 20202562 0 3a202562 0 696e 
_C_68ee_59092087_1 8c 0 60 0 0 20253462 0 25356220 0 25622020 
_C_31ae_590a5b26_2 8c 0 d8 0 0 20202562 0 20202562 0 25356220 0 62202020 0 68202025 0 20202538 0 253264 
_C_2be8_590908c1_1 84 0 7 0 0 70 
_C_3f99_590a34e4_1 84 0 7 0 0 78 
_C_2c1_590a3f76_2 8c 0 c0 0 0 20202562 0 35622020 0 20202025 0 20202562 0 20253868 0 25326420 
_C_17af_590a2da2_1 8c 0 90 0 0 20253562 0 25622020 0 38682020 0 64202025 0 2532 
_C_7102_59094e22_1 8c 0 90 0 0 25622020 0 25622020 0 38682020 0 64202025 0 2532 
_C_78ae_590b4946_1 8c 0 28 0 0 64202562 0 25 
_C_2d78_5908f8f7_1 8c 0 40 0 0 25336220 0 696e3a20 
_C_7040_5909231d_1 8c 0 58 0 0 20256220 0 20256220 0 696e3a 
_C_2d78_5908f8f7_3 8c 0 40 0 0 20253462 0 25366220 
_C_303d_5908f9c8_1 8c 0 40 0 0 20253262 0 25366220 
_C_762e_5908d850_1 84 0 e 0 0 2950 
_C_2540_590906ce_1 8c 0 f0 0 0 20253262 0 25622020 0 38682020 0 62202025 0 62202025 0 62202025 0 64202025 0 2532 
_C_70b8_590b4722_1 8c 0 78 0 0 20202562 0 20253868 0 20256220 0 256420 
_C_161e_5908f1ab_2 8c 0 f0 0 0 20253462 0 25622020 0 38682020 0 62202025 0 62202025 0 62202025 0 64202025 0 2532 
_C_4d87_590a4a5c_1 8c 0 98 0 0 25356220 0 62202020 0 68202025 0 20202538 0 253264 
_C_3cd9_590a34a0_1 8c 0 50 0 0 62202562 0 20202535 0 2562 
_C_6406_590a3a45_3 84 0 8 0 0 f8 
_C_6e49_590b46a5_1 8c 0 30 0 0 20202562 0 2564 
_C_2be8_590908c1_2 8c 0 90 0 0 20253262 0 25622020 0 38682020 0 64202025 0 2532 
_C_2c1_590a3f76_1 84 0 8 0 0 f0 
_C_127b_5909036e_1 8c 0 60 0 0 20253462 0 25366220 0 25622020 
_C_46a6_59094826_1 8c 0 98 0 0 35622020 0 62202025 0 68202025 0 20202538 0 253264 
_C_5273_590a4bf2_1 8c 0 b8 0 0 20202562 0 25356220 0 62202020 0 68202025 0 20202538 0 253264 
_C_856_5908ee19_3 80 0 1 0 3 
_C_5d7_59090128_1 8c 0 60 0 0 20253262 0 25366220 0 25622020 
_C_66cb_59094b2f_1 8c 0 40 0 0 25356220 0 25622020 
_C_71b5_590a08fb_2 8c 0 70 0 0 20202562 0 20202562 0 3a202562 0 696e 
_C_3af2_590944ac_1 8c 0 70 0 0 25622020 0 38682020 0 64202025 0 2532 
_C_2d78_5908f8f7_2 84 0 5 0 0 18 
_C_6406_590a3a45_4 8c 0 a0 0 0 20202562 0 25622020 0 25622020 0 25356220 0 25622020 
_C_3f99_590a34e4_2 8c 0 70 0 0 20202562 0 62202562 0 20202535 0 2562 
_C_1adc_590a6cd9_1 8c 0 38 0 0 20202568 0 253464 
_C_33dc_5908faa0_1 84 0 6 0 0 30 
_C_6406_590a3a45_2 8c 0 98 0 0 20202562 0 20256220 0 20256220 0 20256220 0 696e3a 
_C_368a_5908fb23_1 84 0 6 0 0 38 
_C_31ae_590a5b26_1 84 0 9 0 0 1f0 
_C_68c_5908db33_1 8c 0 d8 0 0 25386820 0 2020643d 0 3d253868 0 68202063 0 623d2538 0 38682020 0 613d25 
_C_564_5908db1f_1 84 0 f 0 0 52a0 
